0
0
0
255
255
255
255
255
255
255
255
255
255
255
255
255
255
255
255
255
255
255
255
255
255
255
255
255
255
255
255
255
255
255
255
255
255
255
255
255
255
255
255
255
255
255
255
255
255
255
255
255
255
255
255
255
255
255
255
255
255
255
255
255
255
255
255
255
255
255
255
255
255
255
255
255
255
255
255
255
255
31
31
31
31
31
31
31
31
29
29
29
29
29
29
29
29
28
28
28
28
28
28
28
27
27
27
27
27
27
27
27
27
27
27
27
27
27
27
27
27
27
27
27
27
27
27
27
27
27
27
27
27
27
27
27
27
27
27
27
27
27
27
28
28
28
28
28
28
28
28
29
29
29
29
29
29
29
32
32
32
32
32
32
32
32
91
91
91
91
91
88
88
88
88
88
88
88
88
87
87
87
87
87
87
87
87
87
86
86
86
86
86
86
86
85
85
85
85
85
85
85
85
84
84
84
84
84
84
84
84
84
84
84
84
84
84
84
84
84
85
85
85
85
85
85
85
87
87
87
87
87
87
87
87
255
255
255
255
255
255
255
255
255
255
255
255
255
255
255
255
255
255
255
255
255
255
255
255
255
255
255
255
255
255
255
255
255
255
255
255
255
183
183
183
183
183
183
182
182
182
182
182
182
182
182
182
182
182
182
182
182
182
182
182
182
182
182
255
255
255
255
255
255
255
255
255
255
255
255
255
255
255
255
255
255
255
255
255
255
255
255
255
255
255
255
255
255
255
255
255
255
255
255
255
255
255
255
255
255
255
255
255
255
255
255
255
255
255
255
255
255
255
255
255
255
255
255
255
123
